#FIG 3.2
Landscape
Center
Inches
Letter  
100.00
Single
-2
1200 2
2 2 0 1 0 7 50 0 -1 0.000 0 0 -1 0 0 5
	 1200 2100 9000 2100 9000 8100 1200 8100 1200 2100
2 2 0 1 0 7 50 0 -1 0.000 0 0 -1 0 0 5
	 2850 2175 8700 2175 8700 2550 2850 2550 2850 2175
2 2 0 1 0 7 50 0 -1 0.000 0 0 -1 0 0 5
	 3300 7650 8700 7650 8700 8025 3300 8025 3300 7650
2 2 0 1 0 7 50 0 -1 0.000 0 0 -1 0 0 5
	 1275 3675 1500 3675 1500 6225 1275 6225 1275 3675
4 0 0 50 0 0 12 0.0000 4 135 330 2850 2925 OT1\001
4 0 0 50 0 0 12 0.0000 4 135 420 8250 2925 OT30\001
4 0 0 50 0 0 12 0.0000 4 135 255 3300 7350 IT1\001
4 0 0 50 0 0 12 0.0000 4 135 345 8250 7350 IT28\001
4 0 0 50 0 0 12 0.0000 4 135 180 1425 6450 50\001
4 0 0 50 0 0 12 0.0000 4 135 90 1275 3600 1\001
4 0 0 50 0 0 12 0.0000 4 180 885 10950 1350 1Group A +\001
4 0 0 50 0 0 12 0.0000 4 135 360 10950 1575 2 A7\001
4 0 0 50 0 0 12 0.0000 4 135 360 10950 1800 3 A6\001
4 0 0 50 0 0 12 0.0000 4 135 360 10950 2025 4 A5\001
4 0 0 50 0 0 12 0.0000 4 135 360 10950 2250 5 A4\001
4 0 0 50 0 0 12 0.0000 4 135 360 10950 2475 6 A3\001
4 0 0 50 0 0 12 0.0000 4 135 360 10950 2700 7 A2\001
4 0 0 50 0 0 12 0.0000 4 135 360 10950 2925 8 A1\001
4 0 0 50 0 0 12 0.0000 4 135 360 10950 3150 9 A0\001
4 0 0 50 0 0 12 0.0000 4 180 1020 10875 3375 10 Group A -\001
4 0 0 50 0 0 12 0.0000 4 180 1005 10875 3600 11 Group B +\001
4 0 0 50 0 0 12 0.0000 4 135 435 10875 3825 12 B7\001
4 0 0 50 0 0 12 0.0000 4 135 435 10875 4050 13 B6\001
4 0 0 50 0 0 12 0.0000 4 135 435 10875 4500 15 B4\001
4 0 0 50 0 0 12 0.0000 4 135 435 10875 4275 14 B5\001
4 0 0 50 0 0 12 0.0000 4 135 435 10875 4725 16 B3\001
4 0 0 50 0 0 12 0.0000 4 135 435 10875 4950 17 B2\001
4 0 0 50 0 0 12 0.0000 4 135 435 10875 5175 18 B1\001
4 0 0 50 0 0 12 0.0000 4 135 435 10875 5400 19 B0\001
4 0 0 50 0 0 12 0.0000 4 180 840 10875 5625 20 Group -\001
4 0 0 50 0 0 12 0.0000 4 180 840 10875 5850 21 Group +\001
4 0 0 50 0 0 12 0.0000 4 135 435 10875 6075 22 C7\001
4 0 0 50 0 0 12 0.0000 4 135 435 10875 6300 23 C6\001
4 0 0 50 0 0 12 0.0000 4 135 435 10875 6525 24 C5\001
4 0 0 50 0 0 12 0.0000 4 135 435 10875 6975 26 C3\001
4 0 0 50 0 0 12 0.0000 4 135 435 10875 6750 25 C4\001
4 0 0 50 0 0 12 0.0000 4 135 435 10875 7200 27 C2\001
4 0 0 50 0 0 12 0.0000 4 135 435 10875 7425 28 C1\001
4 0 0 50 0 0 12 0.0000 4 135 435 10875 7650 29 C0\001
4 0 0 50 0 0 12 0.0000 4 180 840 10875 7875 30 Group -\001
4 0 0 50 0 0 12 0.0000 4 180 390 9525 750 Input\001
4 0 0 50 0 0 12 0.0000 4 135 840 9525 975 Terminasls\001
4 0 0 50 0 0 12 0.0000 4 135 750 10875 975 Terminals\001
4 0 0 50 0 0 12 0.0000 4 180 525 10875 750 Output\001
4 0 0 50 0 0 12 0.0000 4 135 345 9675 1575 2 C0\001
4 0 0 50 0 0 12 0.0000 4 135 345 9675 1800 3 C1\001
4 0 0 50 0 0 12 0.0000 4 135 345 9675 2025 4 C2\001
4 0 0 50 0 0 12 0.0000 4 135 345 9675 2250 5 C3\001
4 0 0 50 0 0 12 0.0000 4 135 390 9675 2475 6 C4 \001
4 0 0 50 0 0 12 0.0000 4 135 345 9675 2700 7 C5\001
4 0 0 50 0 0 12 0.0000 4 135 345 9675 2925 8 C6\001
4 0 0 50 0 0 12 0.0000 4 135 345 9675 3150 9 C7\001
4 0 0 50 0 0 12 0.0000 4 135 720 9675 1350 1 PC Gnd\001
4 0 0 50 0 0 12 0.0000 4 135 870 9600 3375 10 GC Com\001
4 0 0 50 0 0 12 0.0000 4 135 435 9600 3825 12 B1\001
4 0 0 50 0 0 12 0.0000 4 135 435 9600 4050 13 B2\001
4 0 0 50 0 0 12 0.0000 4 135 435 9600 4275 14 B3\001
4 0 0 50 0 0 12 0.0000 4 135 435 9600 4500 15 B4\001
4 0 0 50 0 0 12 0.0000 4 135 435 9600 4725 16 B5\001
4 0 0 50 0 0 12 0.0000 4 135 435 9600 4950 17 B6\001
4 0 0 50 0 0 12 0.0000 4 135 435 9600 5175 18 B7\001
4 0 0 50 0 0 12 0.0000 4 135 870 9600 5400 19 GB Com\001
4 0 0 50 0 0 12 0.0000 4 135 450 9600 5625 20 A0\001
4 0 0 50 0 0 12 0.0000 4 135 450 9600 5850 21 A1\001
4 0 0 50 0 0 12 0.0000 4 135 450 9600 6075 22 A2\001
4 0 0 50 0 0 12 0.0000 4 135 450 9600 6300 23 A3\001
4 0 0 50 0 0 12 0.0000 4 135 450 9600 6525 24 A4\001
4 0 0 50 0 0 12 0.0000 4 135 450 9600 6750 25 A5\001
4 0 0 50 0 0 12 0.0000 4 135 450 9600 6975 26 A6\001
4 0 0 50 0 0 12 0.0000 4 135 450 9600 7200 27 A7\001
4 0 0 50 0 0 12 0.0000 4 135 435 9600 3600 11 B0\001
4 0 0 50 0 0 12 0.0000 4 135 885 9600 7425 28 GA Com\001
4 0 0 50 0 0 30 0.0000 4 300 8475 525 975 MatPLC Industrial Terminal Board for DIO48\001
